1000
24 64 84
6 23 99
17 63 22
52 27 3
83 89 31
66 43 12
79 48 79
52 37 89
0 32 79
100 84 72
97 76 47
16 46 80
85 68 41
93 28 75
26 7 46
79 20 6
90 14 81
19 57 99
80 94 17
70 72 24
52 91 16
33 12 86
44 27 57
41 26 27
57 87 8
73 35 23
33 70 76
22 41 17
38 4 40
92 10 71
49 47 74
59 8 29
37 24 17
50 96 59
4 80 61
40 5 31
74 13 7
76 86 17
9 76 39
52 22 97
6 54 76
100 68 14
97 69 86
52 33 14
75 30 25
77 75 53
1 55 20
81 40 43
91 77 63
61 85 22
52 58 41
30 57 67
4 86 31
94 53 82
0 89 69
15 73 20
100 45 18
29 37 5
81 88 84
3 82 67
77 28 9
82 35 76
75 31 59
66 92 12
93 62 100
10 19 4
19 15 33
24 57 38
58 20 22
8 58 1
27 69 53
18 28 91
47 2 34
16 20 13
1 28 70
54 70 59
72 68 30
23 68 11
77 46 98
6 54 76
97 61 94
12 100 82
51 22 21
82 45 77
81 64 70
73 94 45
32 47 87
55 84 13
15 29 66
95 23 15
70 67 75
68 88 23
34 67 6
59 43 87
51 39 32
74 83 52
53 80 34
36 32 85
70 93 6
74 9 58
50 42 68
7 21 17
33 61 4
82 19 81
53 5 47
0 57 27
84 93 54
8 87 8
73 81 29
84 79 48
84 38 75
96 67 6
13 64 42
74 35 78
75 36 52
67 23 25
20 11 46
47 12 95
53 6 61
28 37 95
12 33 57
27 23 72
15 100 82
24 8 15
58 18 38
36 98 30
75 83 75
60 83 20
0 55 55
100 33 89
5 100 52
68 6 13
75 91 13
23 8 13
90 47 68
74 32 16
93 68 55
34 64 3
48 38 28
50 36 93
3 96 47
89 74 71
35 16 42
41 20 71
16 88 96
67 12 75
89 80 24
88 40 84
67 67 62
5 98 52
91 10 23
87 47 83
24 24 77
93 73 87
34 68 35
39 85 37
90 76 61
72 53 57
56 92 59
75 40 70
85 86 56
91 35 47
54 36 40
87 5 14
38 55 3
45 39 5
52 10 20
28 95 98
54 72 3
6 74 32
8 13 21
22 89 58
88 55 34
99 70 27
85 85 34
71 8 8
99 3 95
67 3 26
70 25 2
59 60 85
29 11 42
62 46 1
0 99 43
84 58 56
73 66 59
81 58 33
80 65 25
90 24 63
23 35 44
21 81 30
3 98 22
97 24 78
12 55 55
100 31 47
14 12 58
73 44 1
91 88 3
97 96 54
57 76 73
23 65 87
99 95 91
19 78 93
61 11 30
66 20 11
36 98 27
14 19 22
0 15 62
63 42 23
4 42 74
12 9 17
13 15 91
72 69 8
34 44 71
84 40 70
38 92 85
51 26 61
68 31 60
44 95 98
48 69 67
75 9 23
78 92 39
96 46 9
68 13 87
13 9 61
42 58 87
46 13 67
16 20 69
91 25 16
72 83 63
91 5 25
52 90 42
16 10 4
32 68 96
100 66 13
82 97 70
46 59 25
45 94 28
69 39 59
19 8 1
65 83 43
33 17 14
2 57 53
64 20 30
100 61 33
23 3 100
54 13 86
56 22 38
100 27 67
31 11 66
55 55 17
22 95 30
24 98 37
15 48 19
30 9 85
79 46 84
42 33 8
18 82 44
43 82 22
36 93 63
25 60 20
16 5 23
16 97 9
96 23 25
78 13 34
46 65 73
76 85 40
7 54 41
3 38 18
53 70 66
66 96 69
35 87 31
46 26 68
61 12 61
46 74 16
49 32 95
66 17 16
8 100 13
13 46 10
57 41 42
38 100 15
84 75 56
20 41 6
53 22 1
65 34 26
89 37 94
92 80 87
99 26 64
95 95 17
14 30 25
75 93 5
58 90 100
53 66 72
33 56 65
88 7 40
98 28 93
99 62 71
15 87 67
67 43 20
28 74 83
66 75 25
70 35 42
25 93 2
91 22 82
24 66 29
17 81 100
50 20 90
95 92 84
83 15 78
2 86 38
2 100 54
34 29 37
16 81 80
50 65 61
39 62 19
59 19 85
45 83 96
61 30 32
97 58 73
69 25 52
52 27 39
54 69 77
51 7 31
54 12 86
100 1 1
16 86 48
64 81 11
100 9 27
23 21 97
51 9 46
82 87 30
97 70 4
20 46 23
85 12 5
56 1 93
5 74 9
75 52 73
95 33 26
13 62 100
12 39 71
70 57 74
91 2 82
51 57 31
67 89 59
57 26 71
32 10 75
90 67 82
82 77 39
59 30 79
58 63 62
42 67 14
23 17 75
28 11 21
5 97 10
95 85 18
82 2 69
38 13 25
63 53 74
86 33 83
62 87 92
10 87 38
89 80 48
77 91 2
18 66 28
4 99 54
84 71 12
92 82 14
95 52 21
48 100 7
47 52 75
74 76 22
40 29 19
47 88 70
16 53 10
92 31 9
7 68 97
31 46 91
98 83 39
46 100 56
55 36 81
22 14 70
60 57 42
29 72 80
11 60 98
22 84 76
97 7 12
70 87 37
67 95 83
46 71 15
30 83 16
38 91 22
4 47 1
97 44 60
13 64 55
55 94 27
91 83 54
75 97 39
34 59 57
97 40 45
88 58 41
9 78 90
91 59 33
23 79 47
93 91 57
81 30 41
68 55 29
57 76 70
30 60 84
88 98 54
44 33 42
7 34 65
16 66 96
17 89 70
100 87 47
82 86 16
3 75 98
44 19 7
83 53 23
58 36 22
19 7 99
50 78 61
94 29 61
16 93 89
72 45 65
98 42 24
65 77 76
44 62 13
11 45 47
33 24 78
71 59 9
2 20 12
86 67 92
60 38 13
77 41 62
5 92 68
10 38 38
89 99 82
99 92 60
67 94 53
69 3 81
94 13 95
35 9 73
100 74 54
39 5 87
98 96 13
32 71 93
71 75 75
58 16 65
52 79 8
50 22 62
5 47 66
14 65 87
38 6 39
34 72 48
85 13 84
70 35 40
52 68 11
15 28 37
94 62 11
35 43 32
84 63 23
65 69 32
75 33 74
73 41 26
36 87 6
2 96 76
48 59 23
22 28 37
76 82 99
27 63 72
31 37 19
4 17 11
93 73 82
32 60 75
79 12 10
97 44 64
19 71 93
35 55 45
86 14 22
1 7 59
45 4 63
24 26 19
25 74 22
99 8 47
66 96 69
44 52 32
49 42 78
85 33 65
75 37 68
34 92 25
76 77 73
95 22 15
19 95 1
4 64 27
75 12 4
37 62 67
64 25 83
71 81 41
38 73 58
29 2 60
66 68 37
5 85 97
51 76 26
66 16 67
55 94 47
69 74 98
3 83 27
50 95 41
54 18 72
48 86 21
54 47 14
15 27 85
82 79 96
29 81 85
71 83 38
73 4 82
36 65 62
54 7 5
42 63 85
7 29 86
61 88 67
72 82 11
100 6 31
76 23 47
0 44 99
28 13 37
21 53 4
49 18 95
91 77 4
45 19 56
44 35 57
38 18 74
22 54 16
46 60 87
31 3 8
37 3 58
92 33 47
76 5 76
94 30 5
37 56 98
62 44 84
6 37 12
90 98 72
72 84 72
81 8 37
1 95 53
42 33 100
98 13 29
50 91 58
17 73 94
61 56 2
2 1 3
90 16 86
66 25 14
11 99 92
0 39 48
30 64 33
100 97 2
43 72 63
14 59 83
67 77 35
87 70 20
84 95 42
98 39 27
8 20 80
52 79 95
90 93 62
75 63 74
58 91 89
69 77 100
21 60 67
10 34 82
64 76 28
41 48 10
79 88 11
91 41 56
46 4 73
43 97 35
62 17 11
97 87 65
7 29 92
87 37 36
31 47 82
38 87 35
31 57 62
80 46 30
47 85 3
15 72 4
96 28 17
28 96 15
22 88 73
16 81 32
16 86 46
100 64 45
15 70 53
16 96 54
7 13 96
100 70 91
5 4 81
30 74 67
98 85 38
61 34 14
81 45 30
78 56 13
42 91 58
41 97 37
1 23 57
83 98 82
90 37 82
92 55 47
36 4 21
29 75 87
82 32 14
74 73 98
59 83 100
60 24 94
0 27 62
15 12 1
58 85 42
90 78 19
8 61 3
1 42 57
68 45 5
31 86 25
53 48 15
93 94 28
100 35 40
20 98 70
85 96 27
30 61 23
97 10 91
30 64 56
68 23 92
2 47 93
74 86 67
52 96 17
15 90 92
100 17 30
59 75 32
96 100 18
46 38 10
58 27 76
14 72 37
52 68 7
29 36 86
95 88 7
61 38 36
23 89 93
71 86 34
99 77 4
35 68 35
3 40 45
54 98 4
46 69 58
23 66 83
80 2 41
21 88 44
8 67 44
60 4 61
84 18 41
5 34 58
57 92 78
51 32 31
10 34 81
17 2 33
53 76 77
73 43 35
83 39 80
57 64 92
47 66 68
4 57 29
6 90 7
82 47 46
14 58 26
24 81 77
88 17 100
32 81 7
23 24 41
15 19 12
49 43 41
28 58 46
34 14 7
97 82 93
52 56 84
65 70 12
55 82 21
20 56 46
35 62 33
29 71 99
7 84 93
95 53 33
57 14 13
38 68 94
10 5 43
42 13 34
43 54 4
42 35 78
88 17 98
10 55 4
56 65 95
25 40 82
25 12 74
41 31 52
73 5 80
34 5 87
2 98 62
56 83 72
19 59 93
32 15 55
68 88 5
32 74 85
43 99 74
41 85 37
14 89 2
26 92 27
69 18 21
16 43 68
76 10 62
50 69 97
7 55 85
27 65 77
27 23 13
26 4 85
7 72 10
78 12 26
60 87 90
16 79 40
41 87 80
68 23 60
21 6 39
22 75 38
3 8 88
95 59 36
79 70 92
83 12 56
55 65 61
71 76 48
100 76 79
54 73 68
7 13 7
4 87 25
83 88 33
59 78 24
58 58 81
85 9 98
12 83 57
12 65 66
34 29 29
51 61 95
12 59 63
23 7 3
47 25 9
54 28 35
30 15 68
56 57 34
83 41 63
94 54 91
53 61 85
28 75 45
10 37 85
66 90 100
52 69 42
17 26 74
88 45 37
86 75 33
39 42 75
31 9 97
43 9 84
54 84 77
53 28 74
52 36 12
76 47 70
31 9 91
16 74 2
23 76 96
45 58 33
14 46 40
87 21 91
39 81 80
49 2 81
80 5 56
25 61 69
90 63 36
50 82 26
96 23 79
13 99 9
46 25 23
77 89 75
47 32 85
8 78 93
2 35 88
83 77 98
40 58 61
1 54 73
45 39 23
0 20 25
20 73 91
77 88 1
42 62 90
55 80 45
91 10 57
77 83 32
49 79 11
78 84 95
39 39 55
61 9 64
42 67 86
99 99 99
7 56 41
40 29 7
10 72 100
96 80 66
74 98 45
34 38 11
38 27 52
4 90 64
22 2 57
81 69 83
35 55 63
39 68 98
78 31 43
84 98 55
12 88 91
49 73 97
61 11 61
53 92 12
27 5 38
38 31 43
14 63 94
97 18 34
51 65 58
63 97 5
16 15 64
68 76 65
80 60 28
97 88 98
80 53 38
75 79 54
87 63 13
93 85 66
59 82 94
4 64 60
31 80 31
47 88 38
33 60 68
53 52 65
32 46 61
38 96 19
44 4 23
52 44 12
84 98 25
19 32 19
57 38 52
90 77 46
49 78 52
84 48 1
31 10 68
44 26 6
86 54 55
80 33 25
69 44 38
28 16 5
100 66 7
21 1 14
79 7 62
28 100 1
50 22 86
22 61 99
63 18 95
81 13 32
2 48 25
75 76 37
77 46 25
83 25 47
9 70 2
53 77 48
100 98 41
73 81 87
53 100 79
91 96 80
86 82 81
21 61 42
10 22 55
43 44 59
57 27 68
38 42 11
95 20 58
70 42 40
9 67 78
33 35 34
38 8 35
68 47 78
0 65 91
35 8 16
2 76 15
11 45 87
52 20 71
48 100 27
25 85 66
66 22 24
38 15 17
31 40 41
55 99 81
4 38 5
46 54 18
14 60 30
55 71 19
33 39 73
52 60 75
73 79 96
90 69 60
40 76 92
60 52 78
11 69 57
54 99 95
20 46 39
65 89 98
17 37 79
84 26 67
49 97 30
54 83 44
0 34 29
57 98 14
37 65 24
85 73 70
89 42 1
74 35 91
34 85 73
56 84 29
4 25 17
61 71 58
34 98 65
10 33 33
8 2 87
14 84 31
1 74 53
29 42 62
53 89 74
90 69 64
63 5 13
66 26 38
28 62 38
33 55 85
92 4 28
13 15 75
62 24 38
64 15 25
86 89 75
79 40 83
75 53 41
65 48 46
77 31 9
72 17 12
37 17 62
1 22 6
87 20 40
34 27 91
93 81 97
2 21 41
49 11 58
38 18 100
19 80 12
43 30 26
3 66 73
57 52 31
1 87 21
9 3 8
17 53 33
43 81 99
62 18 5
89 8 11
51 66 33
17 75 28
94 20 21
2 36 39
69 82 83
37 33 18
95 21 59
75 69 6
23 7 39
20 46 63
22 97 31
33 6 28
92 40 17
31 20 6
17 52 13
17 6 40
13 55 55
65 91 93
80 70 89
55 71 46
64 16 62
29 90 66
15 14 85
35 99 22
25 24 95
75 18 15
13 82 4
54 93 10
60 5 38
36 86 34
