100
442.86142 1.05679 560.60852
434.0 3.0 1542.97
491.01326 1.44486 1944.83960
491.25503 1.23424 1962.33381
492.52219 1.07441 1972.90232
497.74167 1.25336 1908.61916
434.6829 4.00000 399.0
396.0 2.0 622.0
377.3 1.8 1020.75350
110.0 3.0 1920.0
496.44493 1.22176 1956.93404
452.45361 1.41306 1513.84774
497.41306 1.48356 1937.48706
366.44759 3.16490 1009.98319
492.11957 1.17274 1902.39030
254.00000 4.00000 282.00000
482.848 3.15483 877.2099
497.70641 1.37464 1911.84340
464.34741 1.65386 1154.83155
63.06363 2.68381 1689.86867
490.88814 1.20191 1961.88334
415.0 2.430 1754.27
134.26673 3.19870 1585.08025
226.5 1.81 1877.0
177.39532 3.25679 736.65798
491.02161 1.32027 1904.08279
209.0 4.0 269.0
234.0 2.0 178.0
1.00 2.9172 1742.781
497.75485 1.38848 1939.89835
30.35381 1.38242 974.77648
313.0 3.0 1382.0
366.13225 1.41303 806.47986
359.0 3.0 1728.0
457.00000 3.00000 457.00000
340.00000 2.00000 680.00000
289.0 2.94076 2000.00000
75.00000 2.00000 150.00000
370.00000 3.00000 410.00000
253.457 2.36 591.327
497.26306 1.09242 1980.44640
494.66711 1.06920 1983.16877
218.23 1.9209 1418.6
494.89361 1.18649 1940.10506
29.00000 2.00000 58.00000
303.00000 2.00000 345.00000
496.10148 1.11098 1942.67525
496.72239 1.43020 1954.57501
491.72918 1.02058 1923.18322
313.45848 1.09580 1163.81526
72.02142 2.09421 94.68578
490.38452 1.32628 1989.58318
1.01917 3.62909 1999.43564
494.62665 1.22146 1922.72727
497.36006 1.30170 1900.74928
1.07196 3.32085 1999.42274
52.42110 1.5 1780.3334
234.51411 3.18638 1600.03532
493.79753 1.45689 1923.78338
49.00000 2.00000 98.00000
496.44619 1.10374 1913.04491
493.55705 1.20749 1957.97333
496.93636 1.01432 1940.28053
235.26027 2.22611 1297.33144
500.0 2.27 1408.0
490.91177 1.00661 1908.68533
1.02753 3.79956 1999.72211
495.44923 1.14020 1941.46292
494.07499 1.48369 1948.99990
495.1 1.4 1550.09885
433.63004 1.00000 1051.16795
491.42831 1.19951 1943.25213
269.90263 1.13509 1136.39629
302.0 3.0 701.0
494.33236 1.44857 1917.11445
375.26528 2.5 1700.2
182.0 3.0 372.0
439.4 2.2684 23.6
432.15646 1.92808 1985.26208
469.0 1.0 1250.0
490.31318 1.02335 1977.33431
58.68981 2.64723 156.52024
148.0 2.0 39.0
172.8 1.93477 1745.6777
54.34190 3.67196 33.42440
124.0 3.0 1881.0
1.03970 3.48596 1999.30244
433.0 2.0 1776.0
218.43 3.23266 1504.0563
492.80688 1.45443 1935.98834
493.93050 1.14759 1948.04533
451.0 2.0 673.0
494.74889 1.16715 1900.62935
316.68392 3.32503 536.25364
1.66155 3.44191 2.86488
174.65175 1.57655 1546.65409
497.83307 1.34924 1972.50635
494.76463 1.11587 1953.62292
21.13316 3.16036 1293.09354
380.1 2.76 1.0000
